5
23456
54321
67890
99876
12345
Soup 23456 123 0.99 10
Soup 23456 234 0.99 10
Soup 23456 345 0.99 10
Soup 23456 456 0.99 10
Soup 23456 567 0.99 10
Bread 54321 123 3.5 10
Bread 54321 234 2.5 10
Bread 54321 345 2.5 10
Bread 54321 456 2.5 10
Bread 54321 567 2.5 10
Oranges:15ct 67890 123 8.0 10
Oranges:15ct 67890 234 8.0 10
Oranges:15ct 67890 345 8.0 10
Oranges:15ct 67890 456 8.0 10
Oranges:15ct 67890 567 8.0 10
Eggs:1dz 99876 123 1.75 10
Eggs:1dz 99876 234 1.75 10
Eggs:1dz 99876 345 1.75 10
Eggs:1dz 99876 456 1.75 10
Eggs:1dz 99876 567 1.75 10
Milk 12345 123 2.99 10
Milk 12345 234 2.99 10
Milk 12345 345 2.99 10
Milk 12345 456 2.99 10
Milk 12345 567 2.99 10
